0 0 0 0 0 0 0 0 0 0 0 0 0 0 0 0 0 0 0 0 0 0 0 0 0 0 0 0 0 0
0 0 0 0 0 0 0 0 0 0 1 1 2 3 3 3 3 3 2 1 1 0 0 0 0 0 0 0 0 0
0 0 0 0 0 0 0 0 1 2 4 6 8 10 12 12 12 10 8 6 4 2 1 0 0 0 0 0 0 0
0 0 0 0 0 0 0 2 4 8 12 18 24 29 33 34 33 29 24 18 12 8 4 2 0 0 0 0 0 0
0 0 0 0 0 1 2 6 12 20 32 44 56 67 73 76 73 67 56 44 32 20 12 6 2 1 0 0 0 0
0 0 0 0 1 3 7 15 28 46 67 88 108 124 134 137 134 124 108 88 67 46 28 15 7 3 1 0 0 0
0 0 0 0 2 7 17 33 56 86 117 148 172 190 201 204 201 190 172 148 117 86 56 33 17 7 2 0 0 0
0 0 0 2 6 15 33 60 97 137 176 207 229 241 247 249 247 241 229 207 176 137 97 60 33 15 6 2 0 0
0 0 1 4 12 28 56 97 144 190 226 247 255 254 250 249 250 254 255 247 226 190 144 97 56 28 12 4 1 0
0 0 2 8 20 46 86 137 190 231 252 253 240 222 209 204 209 222 240 253 252 231 190 137 86 46 20 8 2 0
0 1 4 12 32 67 117 176 226 252 250 226 193 164 144 137 144 164 193 226 250 252 226 176 117 67 32 12 4 1
0 1 6 18 44 88 148 207 247 253 226 182 137 103 82 76 82 103 137 182 226 253 247 207 148 88 44 18 6 1
0 2 8 24 56 108 172 229 255 240 193 137 89 57 39 34 39 57 89 137 193 240 255 229 172 108 56 24 8 2
0 3 10 29 67 124 190 241 254 222 164 103 57 29 16 12 16 29 57 103 164 222 254 241 190 124 67 29 10 3
0 3 12 33 73 134 201 247 250 209 144 82 39 16 6 3 6 16 39 82 144 209 250 247 201 134 73 33 12 3
0 3 12 34 76 137 204 249 249 204 137 76 34 12 3 0 3 12 34 76 137 204 249 249 204 137 76 34 12 3
0 3 12 33 73 134 201 247 250 209 144 82 39 16 6 3 6 16 39 82 144 209 250 247 201 134 73 33 12 3
0 3 10 29 67 124 190 241 254 222 164 103 57 29 16 12 16 29 57 103 164 222 254 241 190 124 67 29 10 3
0 2 8 24 56 108 172 229 255 240 193 137 89 57 39 34 39 57 89 137 193 240 255 229 172 108 56 24 8 2
0 1 6 18 44 88 148 207 247 253 226 182 137 103 82 76 82 103 137 182 226 253 247 207 148 88 44 18 6 1
0 1 4 12 32 67 117 176 226 252 250 226 193 164 144 137 144 164 193 226 250 252 226 176 117 67 32 12 4 1
0 0 2 8 20 46 86 137 190 231 252 253 240 222 209 204 209 222 240 253 252 231 190 137 86 46 20 8 2 0
0 0 1 4 12 28 56 97 144 190 226 247 255 254 250 249 250 254 255 247 226 190 144 97 56 28 12 4 1 0
0 0 0 2 6 15 33 60 97 137 176 207 229 241 247 249 247 241 229 207 176 137 97 60 33 15 6 2 0 0
0 0 0 0 2 7 17 33 56 86 117 148 172 190 201 204 201 190 172 148 117 86 56 33 17 7 2 0 0 0
0 0 0 0 1 3 7 15 28 46 67 88 108 124 134 137 134 124 108 88 67 46 28 15 7 3 1 0 0 0
0 0 0 0 0 1 2 6 12 20 32 44 56 67 73 76 73 67 56 44 32 20 12 6 2 1 0 0 0 0
0 0 0 0 0 0 0 2 4 8 12 18 24 29 33 34 33 29 24 18 12 8 4 2 0 0 0 0 0 0
0 0 0 0 0 0 0 0 1 2 4 6 8 10 12 12 12 10 8 6 4 2 1 0 0 0 0 0 0 0
0 0 0 0 0 0 0 0 0 0 1 1 2 3 3 3 3 3 2 1 1 0 0 0 0 0 0 0 0 0
