11
0.000000 0.000000 0.000000 0.000000 0.000000 0.004866 0.000000 0.000000 0.000000 0.000000 0.000000
0.000000 0.000000 0.004866 0.008472 0.011274 0.012279 0.011274 0.008472 0.004866 0.000000 0.000000
0.000000 0.004866 0.010298 0.015296 0.017747 0.018258 0.017747 0.015296 0.010298 0.004866 0.000000
0.000000 0.008472 0.015296 0.018532 0.017310 0.015997 0.017310 0.018532 0.015296 0.008472 0.000000
0.000000 0.011274 0.017747 0.017310 0.011580 0.008258 0.011580 0.017310 0.017747 0.011274 0.000000
0.004866 0.012279 0.018258 0.015997 0.008258 0.000000 0.008258 0.015997 0.018258 0.012279 0.004866
0.000000 0.011274 0.017747 0.017310 0.011580 0.008258 0.011580 0.017310 0.017747 0.011274 0.000000
0.000000 0.008472 0.015296 0.018532 0.017310 0.015997 0.017310 0.018532 0.015296 0.008472 0.000000
0.000000 0.004866 0.010298 0.015296 0.017747 0.018258 0.017747 0.015296 0.010298 0.004866 0.000000
0.000000 0.000000 0.004866 0.008472 0.011274 0.012279 0.011274 0.008472 0.004866 0.000000 0.000000
0.000000 0.000000 0.000000 0.000000 0.000000 0.004866 0.000000 0.000000 0.000000 0.000000 0.000000
