15
0.000000 0.000000 0.000000 0.000000 0.000000 0.000000 0.000000 0.002219 0.000000 0.000000 0.000000 0.000000 0.000000 0.000000 0.000000
0.000000 0.000000 0.000000 0.000000 0.002871 0.003882 0.004596 0.004851 0.004596 0.003882 0.002871 0.000000 0.000000 0.000000 0.000000
0.000000 0.000000 0.000000 0.003662 0.005383 0.006813 0.007693 0.007980 0.007693 0.006813 0.005383 0.003662 0.000000 0.000000 0.000000
0.000000 0.000000 0.003662 0.005942 0.007980 0.009253 0.009770 0.009877 0.009770 0.009253 0.007980 0.005942 0.003662 0.000000 0.000000
0.000000 0.002871 0.005383 0.007980 0.009627 0.009936 0.009488 0.009199 0.009488 0.009936 0.009627 0.007980 0.005383 0.002871 0.000000
0.000000 0.003882 0.006813 0.009253 0.009936 0.008832 0.007193 0.006447 0.007193 0.008832 0.009936 0.009253 0.006813 0.003882 0.000000
0.000000 0.004596 0.007693 0.009770 0.009488 0.007193 0.004587 0.003399 0.004587 0.007193 0.009488 0.009770 0.007693 0.004596 0.000000
0.002219 0.004851 0.007980 0.009877 0.009199 0.006447 0.003399 0.000000 0.003399 0.006447 0.009199 0.009877 0.007980 0.004851 0.002219
0.000000 0.004596 0.007693 0.009770 0.009488 0.007193 0.004587 0.003399 0.004587 0.007193 0.009488 0.009770 0.007693 0.004596 0.000000
0.000000 0.003882 0.006813 0.009253 0.009936 0.008832 0.007193 0.006447 0.007193 0.008832 0.009936 0.009253 0.006813 0.003882 0.000000
0.000000 0.002871 0.005383 0.007980 0.009627 0.009936 0.009488 0.009199 0.009488 0.009936 0.009627 0.007980 0.005383 0.002871 0.000000
0.000000 0.000000 0.003662 0.005942 0.007980 0.009253 0.009770 0.009877 0.009770 0.009253 0.007980 0.005942 0.003662 0.000000 0.000000
0.000000 0.000000 0.000000 0.003662 0.005383 0.006813 0.007693 0.007980 0.007693 0.006813 0.005383 0.003662 0.000000 0.000000 0.000000
0.000000 0.000000 0.000000 0.000000 0.002871 0.003882 0.004596 0.004851 0.004596 0.003882 0.002871 0.000000 0.000000 0.000000 0.000000
0.000000 0.000000 0.000000 0.000000 0.000000 0.000000 0.000000 0.002219 0.000000 0.000000 0.000000 0.000000 0.000000 0.000000 0.000000
