17
0.000000 0.000000 0.000000 0.000000 0.000046 0.000118 0.000223 0.000322 0.000363 0.000322 0.000223 0.000118 0.000046 0.000000 0.000000 0.000000 0.000000
0.000000 0.000000 0.000000 0.000103 0.000322 0.000729 0.001255 0.001706 0.001884 0.001706 0.001255 0.000729 0.000322 0.000103 0.000000 0.000000 0.000000
0.000000 0.000000 0.000134 0.000518 0.001393 0.002746 0.004198 0.005262 0.005644 0.005262 0.004198 0.002746 0.001393 0.000518 0.000134 0.000000 0.000000
0.000000 0.000103 0.000518 0.001706 0.003874 0.006436 0.008440 0.009482 0.009770 0.009482 0.008440 0.006436 0.003874 0.001706 0.000518 0.000103 0.000000
0.000046 0.000322 0.001393 0.003874 0.007248 0.009770 0.010461 0.010063 0.009770 0.010063 0.010461 0.009770 0.007248 0.003874 0.001393 0.000322 0.000046
0.000118 0.000729 0.002746 0.006436 0.009770 0.010275 0.008401 0.006404 0.005644 0.006404 0.008401 0.010275 0.009770 0.006436 0.002746 0.000729 0.000118
0.000223 0.001255 0.004198 0.008440 0.010461 0.008401 0.004861 0.002564 0.001884 0.002564 0.004861 0.008401 0.010461 0.008440 0.004198 0.001255 0.000223
0.000322 0.001706 0.005262 0.009482 0.010063 0.006404 0.002564 0.000768 0.000363 0.000768 0.002564 0.006404 0.010063 0.009482 0.005262 0.001706 0.000322
0.000363 0.001884 0.005644 0.009770 0.009770 0.005644 0.001884 0.000363 0.000040 0.000363 0.001884 0.005644 0.009770 0.009770 0.005644 0.001884 0.000363
0.000322 0.001706 0.005262 0.009482 0.010063 0.006404 0.002564 0.000768 0.000363 0.000768 0.002564 0.006404 0.010063 0.009482 0.005262 0.001706 0.000322
0.000223 0.001255 0.004198 0.008440 0.010461 0.008401 0.004861 0.002564 0.001884 0.002564 0.004861 0.008401 0.010461 0.008440 0.004198 0.001255 0.000223
0.000118 0.000729 0.002746 0.006436 0.009770 0.010275 0.008401 0.006404 0.005644 0.006404 0.008401 0.010275 0.009770 0.006436 0.002746 0.000729 0.000118
0.000046 0.000322 0.001393 0.003874 0.007248 0.009770 0.010461 0.010063 0.009770 0.010063 0.010461 0.009770 0.007248 0.003874 0.001393 0.000322 0.000046
0.000000 0.000103 0.000518 0.001706 0.003874 0.006436 0.008440 0.009482 0.009770 0.009482 0.008440 0.006436 0.003874 0.001706 0.000518 0.000103 0.000000
0.000000 0.000000 0.000134 0.000518 0.001393 0.002746 0.004198 0.005262 0.005644 0.005262 0.004198 0.002746 0.001393 0.000518 0.000134 0.000000 0.000000
0.000000 0.000000 0.000000 0.000103 0.000322 0.000729 0.001255 0.001706 0.001884 0.001706 0.001255 0.000729 0.000322 0.000103 0.000000 0.000000 0.000000
0.000000 0.000000 0.000000 0.000000 0.000046 0.000118 0.000223 0.000322 0.000363 0.000322 0.000223 0.000118 0.000046 0.000000 0.000000 0.000000 0.000000
